file_name repetitions optimal_weight optimal_path
tsp_4.txt 10 23 [0 0 2 3 1 0 0]
tsp_6_1.txt 10 132 [0 1 2 3 4 5 0]
tsp_6_2.txt 10 80 [0 5 1 2 3 4 0]
tsp_10.txt 10 212 [0 5 1 9 6 7 8 2 4 3 0]
tsp_12.txt 5 264 [0 10 3 5 7 9 11 2 6 4 8 1 0]
tsp_13.txt 5 269 [0 12 1 8 4 6 2 11 9 7 5 3 10 0]
tsp_14.txt 5 282 [0 12 1 8 4 6 2 11 13 9 7 5 3 10 0]
burma_14.txt 5 3323 [0 9 8 10 7 12 6 11 5 4 3 2 13 1 0]
tsp_15.txt 5 291 [0 12 1 14 8 4 6 2 11 13 9 7 5 3 10 0]
br_17.txt 2 39 [0 11 16 8 7 4 3 15 14 6 5 12 10 9 1 13 2 0]
gr_17.txt 2 2085 [0 15 11 8 4 1 9 10 2 14 13 16 5 7 6 12 3 0]
gr_21.txt 2 2707 [0 11 3 10 19 18 16 9 17 12 13 14 20 1 2 8 4 15 5 7 6 0]
Output\output.csv